   13.299998195734833     
   13.299080195226351     
   13.296327755661473     
   13.291745481285380     
   13.285340973567697     
   13.277124798133457     
   13.267110439028812     
   13.255314240697237     
   13.241755338139541     
   13.226455575822248     
   13.209439415982935     
   13.190733837056708     
   13.170368223014535     
   13.148374244460953     
   13.124785732384982     
   13.099638545494111     
   13.072970432086322     
   13.044820887429630     
   13.015231007622777     
   12.984243340904680     
   12.951901737364675     
   12.918251197981178     
   12.883337723883617     
   12.847208166692583     
   12.809910080746347     
   12.771491577970078     
   12.732001186087214     
   12.691487710812106     
   12.650000102600101     
   12.607587328466410     
   12.564298249319460     
   12.520181503188738     
   12.475285394662190     
   12.429657790784741     
   12.383346023607924     
   12.336396799521888     
   12.288856115445107     
   12.240769181894798     
   12.192180352912370     
   12.143133062773558     
   12.093669769372276     
   12.043831904130888     
   11.993659828257254     
   11.943192795141023     
   11.892468918657613     
   11.841525147128234     
   11.790397242668202     
   11.739119765643071     
   11.687726063942792     
   11.636248266778001     
   11.584717282699234     
   11.533162801539220     
   11.481613299980019     
   11.430096050450736     
   11.378637133067034     
   11.327261450331051     
   11.275992744318858     
   11.224853616092510     
   11.173865547084290     
   11.123048922212387     
   11.072423054499067     
   11.022006210975009     
   10.971815639666000     
   10.921867597470957     
   10.872177378753097     
   10.822759344478595     
   10.773626951749590     
   10.724792783590534     
   10.676268578858643     
   10.628065262160682     
   10.580192973669217     
   10.532661098741963     
   10.485478297257838     
   10.438652532592736     
   10.392191100167043     
   10.346100655505179     
   10.300387241755393     
   10.255056316625277     
   10.210112778695319     
   10.165560993079030     
   10.121404816404054     
   10.077647621093879     
   10.034292318934746     
   9.9913413839166498     
   9.9487968743414896     
   9.9066604541948742     
   9.8649334137814613     
   9.8236166896266059     
   9.7827108836495977     
   9.7422162816161038     
   9.7021328708794581     
   9.6624603574220647     
   9.6231981822098192     
   9.5843455368736112     
   9.5459013787331184     
   9.5078644451789458     
   9.4702332674299168     
   9.4330061836828474     
   9.3961813516726380     
   9.3597567606606944     
   9.3237302428700506     
   9.2880994843854854     
   9.2528620355370776     
   9.2180153207854278     
   9.1835566481268156     
   9.1494832180361207     
   9.1157921319653283     
   9.0824804004149549     
   9.0495449505954504     
   9.0169826336953580     
   8.9847902317724255     
   8.9529644642836086     
   8.9215019942694411     
   8.8903994342077084     
   8.8596533515509943     
   8.8292602739622357     
   8.7992166942617978     
   8.7695190750993390     
   8.7401638533630308     
   8.7111474443384544     
   8.6824662456288664     
   8.6541166408481942     
   8.6260950030975980     
   8.5983976982360559     
   8.5710210879549660     
   8.5439615326663816     
   8.5172153942140358     
   8.4907790384160080     
   8.4646488374473794     
   8.4388211720709787     
   8.4132924337239068     
   8.3880590264671415     
   8.3631173688052840     
   8.3384638953831001     
   8.3140950585652664     
   8.2900073299053911     
   8.2661972015100922     
   8.2426611873036926     
   8.2193958241987701     
   8.1963976731775521     
   8.1736633202889664     
   8.1511893775658404     
   8.1289724838665993     
   8.1070093056455157     
   8.0852965376554664     
   8.0638309035868598     
   8.0426091566462858     
   8.0216280800781998     
   8.0008844876328666     
   7.9803752239835291     
   7.9600971650957142     
   7.9400472185513742     
   7.9202223238304414     
   7.9006194525522604     
   7.8812356086792281     
   7.8620678286848253     
   7.8431131816881559     
   7.8243687695569708     
   7.8058317269810624     
   7.7874992215177965     
   7.7693684536115271     
   7.7514366565884254     
   7.7337010966283106     
   7.7161590727148832     
   7.6988079165657579     
   7.6816449925435588     
   7.6646676975493309     
   7.6478734608994321     
   7.6312597441869769     
   7.6148240411289079     
   7.5985638773996778     
   7.5824768104524534     
   7.5665604293287636     
   7.5508123544574017     
   7.5352302374433897     
   7.5198117608477544     
   7.5045546379588286     
   7.4894566125557418     
   7.4745154586647491     
   7.4597289803089817     
   7.4450950112522341     
   7.4306114147372453     
   7.4162760832190733     
   7.4020869380939951     
   7.3880419294243627     
   7.3741390356599288     
   7.3603762633559517     
   7.3467516468885359     
   7.3332632481675120     
   7.3199091563472667     
   7.3066874875357595     
   7.2935963845021101     
   7.2806340163829901     
   7.2677985783881045     
   7.2550882915050305     
   7.2425014022036303     
   7.2300361821402799     
   7.2176909278621144     
   7.2054639605114961     
   7.1933536255308903     
   7.1813582923683255     
   7.1694763541836011     
   7.1577062275553889     
   7.1460463521893978     
   7.1344951906277014     
   7.1230512279594009     
   7.1117129715326728     
   7.1004789506684025     
   7.0893477163754257     
   7.0783178410675136     
   7.0673879182821882     
   7.0565565624014432     
   7.0458224083744394     
   7.0351841114422706     
   7.0246403468648371     
   7.0141898096499018     
   7.0038312142843848     
   6.9935632944679442     
   6.9833848028488834     
   6.9732945107624325     
   6.9632912079714488     
   6.9533737024095528     
   6.9435408199267536     
   6.9337914040375601     
   6.9241243156716363     
   6.9145384329270021     
   6.9050326508257909     
   6.8956058810726057     
   6.8862570518154609     
   6.8769851074093262     
   6.8677890081822994     
   6.8586677302043917     
   6.8496202650589284     
   6.8406456196165983     
   6.8317428158121123     
   6.8229108904234907     
   6.8141488948539868     
   6.8054558949165997     
   6.7968309706212500     
   6.7882732159645007     
   6.7797817387219155     
   6.7713556602430014     
   6.7629941152487012     
   6.7546962516314917     
   6.7464612302579914     
   6.7382882247741351     
   6.7301764214128674     
   6.7221250188043271     
   6.7141332277885484     
   6.7062002712306210     
   6.6983253838383083     
   6.6905078119821191     
   6.6827468135177774     
   6.6750416576111187     
   6.6673916245653526     
   6.6597960056506960     
   6.6522541029363378     
   6.6447652291247374     
   6.6373287073882157     
   6.6299438712078302     
   6.6226100642144976     
   6.6153266400323680     
   6.6080929621243891     
   6.6009084036400862     
   6.5937723472654843     
   6.5866841850752076     
   6.5796433183866716     
   6.5726491576163895     
   6.5657011221383579     
   6.5587986401444933     
   6.5519411485070931     
   6.5451280926433251     
   6.5383589263816715     
   6.5316331118303621     
   6.5249501192477428     
   6.5183094269145370     
   6.5117105210080339     
   6.5051528954781164     
   6.4986360519251658     
   6.4921594994797616     
   6.4857227546842022     
   6.4793253413758105     
   6.4729667905719692     
   6.4666466403569203     
   6.4603644357702592     
   6.4541197286971297     
   6.4479120777600745     
   6.4417410482125463     
   6.4356062118340347     
   6.4295071468267935     
   6.4234434377141705     
   6.4174146752404635     
   6.4114204562723494     
   6.4054603837018034     
   6.3995340663505482     
   6.3936411188759461     
   6.3877811616783742     
   6.3819538208100210     
   6.3761587278851088     
   6.3703955199915141     
   6.3646638396037511     
   6.3589633344973322     
   6.3532936576644516     
   6.3476544672310080     
   6.3420454263749013     
   6.3364662032456343     
   6.3309164708851666     
   6.3253959071500221     
   6.3199041946346135     
   6.3144410205957859     
   6.3090060768785499     
   6.3035990598429841     
   6.2982196702923048     
   6.2928676134020618     
   6.2875425986504760     
   6.2822443397498677     
   6.2769725545791815     
   6.2717269651175886     
   6.2665072973791389     
   6.2613132813484631     
   6.2561446509174985     
   6.2510011438232267     
   6.2458825015863928     
   6.2407884694512434     
   6.2357187963261840     
   6.2306732347254137     
   6.2256515407114978     
   6.2206534738388521     
   6.2156787970981418     
   6.2107272768615669     
   6.2057986828290428     
   6.2008927879752296     
   6.1960093684974362     
   6.1911482037643406     
   6.1863090762655570     
   6.1814917715620075     
   6.1766960782370992     
   6.1719217878486896     
   6.1671686948818314     
   6.1624365967022721     
   6.1577252935107269     
   6.1530345882978672     
   6.1483642868000574     
   6.1437141974558118     
   6.1390841313629307     
   6.1344739022363663     
   6.1298833263667598     
   6.1253122225796401     
   6.1207604121953008     
   6.1162277189893262     
   6.1117139691537608     
   6.1072189912588986     
   6.1027426162157141     
   6.0982846772388903     
   6.0938450098104520     
   6.0894234516439996     
   6.0850198426495075     
   6.0806340248987238     
   6.0762658425911047     
   6.0719151420203321     
   6.0675817715413523     
   6.0632655815379701     
   6.0589664243909684     
   6.0546841544467451     
   6.0504186279864589     
   6.0461697031956927     
   6.0419372401345921     
   6.0377211007085183     
   6.0335211486391476     
   6.0293372494360797     
   6.0251692703688793     
   6.0210170804395924     
   6.0168805503557019     
   6.0127595525035407     
   6.0086539609221186     
   6.0045636512773948     
   6.0004885008369637     
   5.9964283884451461     
   5.9923831944985171     
   5.9883528009217910     
   5.9843370911441474     
   5.9803359500758990     
   5.9763492640855844     
   5.9723769209773963     
   5.9684188099690099     
   5.9644748216697607     
   5.9605448480591718     
   5.9566287824658488     
   5.9527265195467081     
   5.9488379552665522     
   5.9449629868779699     
   5.9411015129015752     
   5.9372534331065658     
   5.9334186484915943     
   5.9295970612659579     
   5.9257885748310981     
   5.9219930937623930     
   5.9182105237912612     
   5.9144407717875369     
   5.9106837457421566     
   5.9069393547501150     
   5.9032075089937042     
   5.8994881197260201     
   5.8957810992547417     
   5.8920863609261849     
   5.8884038191095973     
   5.8847333891817275     
   5.8810749875116306     
   5.8774285314457373     
   5.8737939392931535     
   5.8701711303111992     
   5.8665600246911982     
   5.8629605435444860     
   5.8593726088886422     
   5.8557961436339614     
   5.8522310715701353     
   5.8486773173531468     
   5.8451348064923900     
   5.8416034653379887     
   5.8380832210683282     
   5.8345740016777867     
   5.8310757359646592     
   5.8275883535192969     
   5.8241117847124135     
   5.8206459606836045     
   5.8171908133300363     
   5.8137462752953253     
   5.8103122799586044     
   5.8068887614237488     
   5.8034756545087935     
   5.8000728947355125     
   5.7966804183191698     
   5.7932981621584378     
   5.7899260638254750     
   5.7865640615561658     
   5.7832120942405165     
   5.7798701014132119     
   5.7765380232443144     
   5.7732158005301262     
   5.7699033746841843     
   5.7666006877284124     
   5.7633076822844052     
   5.7600243015648722     
   5.7567504893651789     
   5.7534861900550824     
   5.7502313485705487     
   5.7469859104057219     
   5.7437498216050233     
   5.7405230287553755     
   5.7373054789785574     
   5.7340971199236570     
   5.7308978997596833     
   5.7277077671682619     
   5.7245266713364673     
   5.7213545619497665     
   5.7181913891850673     
   5.7150371037038861     
   5.7118916566456219     
   5.7087549996209415     
   5.7056270847052533     
   5.7025078644323139     
   5.6993972917879070     
   5.6962953202036424     
   5.6932019035508548     
   5.6901169961345710     
   5.6870405526876109     
   5.6839725283647597     
   5.6809128787370398     
   5.6778615597860647     
   5.6748185278984931     
   5.6717837398605679     
   5.6687571528527334     
   5.6657387244443500     
   5.6627284125884767     
   5.6597261756167594     
   5.6567319722343736     
   5.6537457615150553     
   5.6507675028962305     
   5.6477971561741764     
   5.6448346814993169     
   5.6418800393715332     
   5.6389331906355906     
   5.6359940964766171     
   5.6330627184156565     
   5.6301390183052931     
   5.6272229583253379     
   5.6243145009785973     
   5.6214136090866837     
   5.6185202457859180     
   5.6156343745232746     
   5.6127559590524001     
   5.6098849634296908     
   5.6070213520104328     
   5.6041650894449999     
   5.6013161406751024     
   5.5984744709301228     
   5.5956400457234636     
   5.5928128308489908     
   5.5899927923775126     
   5.5871798966533133     
   5.5843741102907449     
   5.5815754001708759     
   5.5787837334381720     
   5.5759990774972525     
   5.5732214000096807     
   5.5704506688908033     
   5.5676868523066467     
   5.5649299186708543     
   5.5621798366416728     
   5.5594365751189825     
   5.5567001032413694     
   5.5539703903832516     
   5.5512474061520471     
   5.5485311203853662     
   5.5458215031482805     
   5.5431185247305930     
   5.5404221556441904     
   5.5377323666203964     
   5.5350491286073957     
   5.5323724127676801     
   5.5297021904755352     
   5.5270384333145675     
   5.5243811130752709     
   5.5217302017526197     
   5.5190856715437091     
   5.5164474948454227     
   5.5138156442521371     
   5.5111900925534689     
   5.5085708127320290     
   5.5059577779612487     
   5.5033509616032106     
   5.5007503372065081     
   5.4981558785041607     
   5.4955675594115423     
   5.4929853540243352     
   5.4904092366165402     
   5.4878391816384804     
   5.4852751637148582     
   5.4827171576428420     
   5.4801651383901593     
   5.4776190810932466     
   5.4750789610554005     
   5.4725447537449687     
   5.4700164347935676     
   5.4674939799943205     
   5.4649773653001228     
   5.4624665668219343     
   5.4599615608270957     
   5.4574623237376656     
   5.4549688321287872     
   5.4524810627270712     
   5.4499989924090073     
   5.4475225981994022     
   5.4450518572698243     
   5.4425867469370903     
   5.4401272446617552     
   5.4376733280466407     
   5.4352249748353634     
   5.4327821629109154     
   5.4303448702942214     
   5.4279130751427633     
   5.4254867557491844     
   5.4230658905399372     
   5.4206504580739407     
   5.4182404370412609     
   5.4158358062617999     
   5.4134365446840249     
   5.4110426313836788     
   5.4086540455625496     
   5.4062707665472276     
   5.4038927737878915     
   5.4015200468571081     
   5.3991525654486505     
   5.3967903093763319     
   5.3944332585728514     
   5.3920813930886631     
   5.3897346930908530     
   5.3873931388620395     
   5.3850567107992733     
   5.3827253894129781     
   5.3803991553258719     
   5.3780779892719366     
   5.3757618720953779     
   5.3734507847496049     
   5.3711447082962396     
   5.3688436239041000     
   5.3665475128482480     
   5.3642563565090065     
   5.3619701363710162     
   5.3596888340222906     
   5.3574124311532918     
   5.3551409095560141     
   5.3528742511230751     
   5.3506124378468387     
   5.3483554518185157     
   5.3461032752273070     
   5.3438558903595492     
   5.3416132795978548     
   5.3393754254202959     
   5.3371423103995577     
   5.3349139172021429     
   5.3326902285875573     
   5.3304712274075223     
   5.3282568966051889     
   5.3260472192143613     
   5.3238421783587393     
   5.3216417572511618     
   5.3194459391928621     
   5.3172547075727321     
   5.3150680458665986     
   5.3128859376365032     
   5.3107083665299974     
   5.3085353162794426     
   5.3063667707013202     
   5.3042027136955436     
   5.3020431292447974     
   5.2998880014138612     
   5.2977373143489519     
   5.2955910522770848     
   5.2934491995054218     
   5.2913117404206433     
   5.2891786594883232     
   5.2870499412523024     
   5.2849255703340905     
   5.2828055314322535     
   5.2806898093218191     
   5.2785783888536892     
   5.2764712549540569     
   5.2743683926238285     
   5.2722697869380610     
   5.2701754230453952     
   5.2680852861674996     
   5.2659993615985279     
   5.2639176347045691     
   5.2618400909231164     
   5.2597667157625372     
   5.2576974948015431     
   5.2556324136886818     
   5.2535714581418196     
   5.2515146139476334     
   5.2494618669611164     
   5.2474132031050775     
   5.2453686083696587     
   5.2433280688118460     
   5.2412915705549938     
   5.2392590997883524     
   5.2372306427665993     
   5.2352061858093792     
   5.2331857153008476     
   5.2311692176892128     
   5.2291566794862945     
   5.2271480872670821     
   5.2251434276692912     
   5.2231426873929427     
   5.2211458531999160     
   5.2191529119135494     
   5.2171638504182019     
   5.2151786556588462     
   5.2131973146406638     
   5.2112198144286337     
   5.2092461421471272     
   5.2072762849795229     
   5.2053102301678047     
   5.2033479650121759     
   5.2013894768706779     
   5.1994347531588021     
   5.1974837813491250     
   5.1955365489709200     
   5.1935930436098037     
   5.1916532529073631     
   5.1897171645607969     
   5.1877847663225536     
   5.1858560459999845     
   5.1839309914549858     
   5.1820095906036636     
   5.1800918314159716     
   5.1781777019153896     
   5.1762671901785815     
   5.1743602843350525     
   5.1724569725668328     
   5.1705572431081457     
   5.1686610842450795     
   5.1667684843152779     
   5.1648794317076065     
   5.1629939148618611     
   5.1611119222684350     
   5.1592334424680191     
   5.1573584640513062     
   5.1554869756586728     
   5.1536189659798923     
   5.1517544237538333     
   5.1498933377681606     
   5.1480356968590586     
   5.1461814899109273     
   5.1443307058561079     
   5.1424833336745968     
   5.1406393623937596     
   5.1387987810880622     
   5.1369615788787923     
   5.1351277449337847     
   5.1332972684671550     
   5.1314701387390258     
   5.1296463450552707     
   5.1278258767672416     
   5.1260087232715117     
   5.1241948740096284     
   5.1223843184678328     
   5.1205770461768303     
   5.1187730467115253     
   5.1169723096907820     
   5.1151748247771618     
   5.1133805816766937     
   5.1115895701386282     
   5.1098017799551876     
   5.1080172009613429     
   5.1062358230345568     
   5.1044576360945717     
   5.1026826301031614     
   5.1009107950639043     
   5.0991421210219574     
   5.0973765980638293     
   5.0956142163171503     
   5.0938549659504559     
   5.0920988371729603     
   5.0903458202343437     
   5.0885959054245262     
   5.0868490830734583     
   5.0851053435509082     
   5.0833646772662382     
   5.0816270746682131     
   5.0798925262447732     
   5.0781610225228366     
   5.0764325540680932     
   5.0747071114847975     
   5.0729846854155705     
   5.0712652665411930     
   5.0695488455804130     
   5.0678354132897452     
   5.0661249604632728     
   5.0644174779324596     
   5.0627129565659494     
   5.0610113872693772     
   5.0593127609851818     
   5.0576170686924149     
   5.0559243014065549     
   5.0542344501793179     
   5.0525475060984766     
   5.0508634602876805     
   5.0491823039062629     
   5.0475040281490742     
   5.0458286242462957     
   5.0441560834632631     
   5.0424863971002889     
   5.0408195564924894     
   5.0391555530096097     
   5.0374943780558574     
   5.0358360230697157     
   5.0341804795237914     
   5.0325277389246370     
   5.0308777928125821     
   5.0292306327615695     
   5.0275862503789934     
   5.0259446373055283     
   5.0243057852149713     
   5.0226696858140762     
   5.0210363308423984     
   5.0194057120721309     
   5.0177778213079485     
   5.0161526503868457     
   5.0145301911779896     
   5.0129104355825547     
   5.0112933755335778     
   5.0096790029957949     
   5.0080673099654991     
   5.0064582884703839     
   5.0048519305693961     
   5.0032482283525823     
   5.0016471739409454     
   5.0000487594862983     
   4.9984529771711124     
   4.9968598192083764     
   4.9952692778414542     
   4.9936813453439388     
   4.9920960140195065     
   4.9905132762017814     
   4.9889331242541965     
   4.9873555505698466     
   4.9857805475713546     
   4.9842081077107343     
   4.9826382234692508     
   4.9810708873572871     
   4.9795060919142076     
   4.9779438297082219     
   4.9763840933362573     
   4.9748268754238190     
   4.9732721686248658     
   4.9717199656216691     
   4.9701702591246955     
   4.9686230418724637     
   4.9670783066314295     
   4.9655360461958473     
   4.9639962533876476     
   4.9624589210563137     
   4.9609240420787497     
   4.9593916093591579     
   4.9578616158289197     
   4.9563340544464696     
   4.9548089181971671     
   4.9532862000931823     
   4.9517658931733735     
   4.9502479905031658     
   4.9487324851744283     
   4.9472193703053637     
   4.9457086390403777     
   4.9442002845499760     
   4.9426943000306363     
   4.9411906787046949     
   4.9396894138202372     
   4.9381904986509717     
   4.9366939264961269     
   4.9351996906803315     
   4.9337077845535022     
   4.9322182014907350     
   4.9307309348921891     
   4.9292459781829780     
   4.9277633248130615     
   4.9262829682571301     
   4.9248049020145022     
   4.9233291196090132     
   4.9218556145889041     
   4.9203843805267224     
   4.9189154110192064     
   4.9174486996871876     
   4.9159842401754741     
   4.9145220261527616     
   4.9130620513115124     
   4.9116043093678634     
   4.9101487940615192     
   4.9086954991556464     
   4.9072444184367736     
   4.9057955457146916     
   4.9043488748223574     
   4.9029043996157746     
   4.9014621139739187     
   4.9000220117986180     
   4.8985840870144655     
   4.8971483335687163     
   4.8957147454311922     
   4.8942833165941817     
   4.8928540410723453     
   4.8914269129026167     
   4.8900019261441114     
   4.8885790748780273     
   4.8871583532075551     
   4.8857397552577746     
   4.8843232751755679     
   4.8829089071295311     
   4.8814966453098680     
   4.8800864839283111     
   4.8786784172180209     
   4.8772724394334963     
   4.8758685448504870     
   4.8744667277659000     
   4.8730669824977104     
   4.8716693033848726     
   4.8702736847872288     
   4.8688801210854251     
   4.8674886066808183     
   4.8660991359953911     
   4.8647117034716612     
   4.8633263035726015     
   4.8619429307815452     
   4.8605615796021064     
   4.8591822445580926     
   4.8578049201934155     
   4.8564296010720156     
   4.8550562817777623     
   4.8536849569143907     
   4.8523156211053999     
   4.8509482689939816     
   4.8495828952429285     
   4.8482194945345611     
   4.8468580615706376     
   4.8454985910722783     
   4.8441410777798799     
   4.8427855164530440     
   4.8414319018704814     
   4.8400802288299465     
   4.8387304921481489     
   4.8373826866606802     
   4.8360368072219329     
   4.8346928487050205     
   4.8333508060017003     
   4.8320106740222970     
   4.8306724476956271     
   4.8293361219689146     
   4.8280016918077227     
   4.8266691521958771     
   4.8253384981353822     
   4.8240097246463529     
   4.8226828267669442     
   4.8213577995532582     
   4.8200346380792887     
   4.8187133374368427     
   4.8173938927354580     
   4.8160762991023391     
   4.8147605516822800     
   4.8134466456375931     
   4.8121345761480372     
   4.8108243384107423     
   4.8095159276401436     
   4.8082093390679068     
   4.8069045679428521     
   4.8056016095308962     
   4.8043004591149669     
   4.8030011119949494     
   4.8017035634876022     
   4.8004078089264945     
   4.7991138436619369     
   4.7978216630609110     
   4.7965312625070053     
   4.7952426374003387     
   4.7939557831575010     
   4.7926706952114841     
   4.7913873690116100     
   4.7901058000234631     
   4.7888259837288389     
   4.7875479156256571     
   4.7862715912279059     
   4.7849970060655789     
   4.7837241556846024     
   4.7824530356467783     
   4.7811836415297106     
   4.7799159689267503     
   4.7786500134469208     
   4.7773857707148650     
   4.7761232363707737     
   4.7748624060703229     
   4.7736032754846187     
   4.7723458403001224     
   4.7710900962185994     
   4.7698360389570444     
   4.7685836642476360     
   4.7673329678376595     
   4.7660839454894530     
   4.7648365929803456     
   4.7635909061025998     
   4.7623468806633422     
   4.7611045124845113     
   4.7598637974027920     
   4.7586247312695580     
   4.7573873099508193     
   4.7561515293271492     
   4.7549173852936324     
   4.7536848737598119     
   4.7524539906496184     
   4.7512247319013250     
   4.7499970934674769     
   4.7487710713148434     
   4.7475466614243560     
   4.7463238597910493     
   4.7451026624240127     
   4.7438830653463215     
   4.7426650645949895     
   4.7414486562209079     
   4.7402338362887972     
   4.7390206008771374     
   4.7378089460781272     
   4.7365988679976176     
   4.7353903627550658     
   4.7341834264834750     
   4.7329780553293403     
   4.7317742454525948     
   4.7305719930265582     
   4.7293712942378807     
   4.7281721452864867     
   4.7269745423855269     
   4.7257784817613233     
   4.7245839596533115     
   4.7233909723139975     
   4.7221995160088968     
   4.7210095870164848     
   4.7198211816281495     
   4.7186342961481298     
   4.7174489268934705     
   4.7162650701939786     
   4.7150827223921512     
   4.7139018798431458     
   4.7127225389147203     
   4.7115446959871807     
   4.7103683474533318     
   4.7091934897184364     
   4.7080201192001496     
   4.7068482323284799     
   4.7056778255457434     
   4.7045088953065033     
   4.7033414380775227     
   4.7021754503377267     
   4.7010109285781461     
   4.6998478693018653     
